"","XIV.Open","XIV.High","XIV.Low","XIV.Close","XIV.Volume","XIV.Adjusted","Signal"
"1",17.404,17.442,16.589,17.1,1815000,17.1,0
"2",16.831,17.443,16.573,17.264,1800000,17.26,0
"3",17.392,17.433,16.782,17.034,2718000,17.03,0
"4",16.855,17.389,16.688,16.697,3126000,16.7,0
"5",16.479,17.041,16.236,17,2837000,17,0
"6",17.065,17.558,16.857,17.441,1857000,17.44,0
"7",17.684,17.865,17.421,17.81,2695000,17.81,0
"8",17.816,18.075,17.254,17.618,2682000,17.62,0
"9",16.773,17.285,16.666,17.016,1710000,17.02,0
"10",17.237,17.454,17.07,17.074,1416000,17.07,0
"11",17.083,17.745,17.068,17.57,3523000,17.57,0
"12",17.517,17.999,17.4,17.934,1623000,17.93,0
"13",18.237,18.501,18.171,18.279,1274000,18.28,0
"14",18.96,18.96,18.561,18.815,991000,18.82,0
"15",18.665,18.735,17.546,17.546,2227000,17.55,0
"16",17.85,17.982,17.241,17.777,2940000,17.78,0
"17",17.06,18,17.025,17.766,3127000,17.77,0
"18",17.805,17.993,17.27,17.488,1571000,17.49,0
"19",17.8,18.1,17.678,17.678,2214000,17.68,0
"20",17.683,17.861,17.334,17.393,3138000,17.39,0
"21",17.68,18.099,17.623,17.928,1578000,17.93,0
"22",17.895,17.949,17.179,17.355,5212000,17.35,0
"23",17.424,17.598,16.697,17.038,6210000,17.04,0
"24",17.526,17.77,17.491,17.545,2285000,17.55,0
"25",16.951,17.076,16,16.081,7963000,16.08,0
"26",15.766,16.008,14.462,15.232,17082000,15.23,0
"27",15.708,15.873,15.158,15.496,4754000,15.5,0
"28",15.383,16.208,15.285,16.174,3921000,16.17,0
"29",16.671,17.122,16.586,16.7,1829000,16.7,0
"30",16.886,17.231,16.514,16.558,4497000,16.56,0
"31",15.655,16.564,15.414,16.542,4923000,16.54,0
"32",16.698,16.778,15.778,15.854,48099000,15.85,0
"33",15.83,16.19,15.62,16.11,1968200,16.11,0
"34",16.34,16.76,16.19,16.74,2767500,16.74,0
"35",17.16,17.6,17,17.55,2163400,17.55,0
"36",17.9,18.48,17.86,18.29,2696300,18.29,0
"37",18.39,19.15,18.33,19,3158100,19,0
"38",19.04,19.2,18.8,18.91,3239100,18.91,0
"39",18.7,18.88,18.32,18.64,3107100,18.64,0
"40",19.29,19.36,19.11,19.17,3282700,19.17,0
"41",18.42,18.92,18.42,18.89,3531000,18.89,0
"42",17.97,18.19,17.26,17.34,3479500,17.34,0
"43",16.99,17.68,16.87,16.89,4761400,16.89,0
"44",17.27,17.73,16.72,16.9,2135000,16.9,0
"45",17.08,17.1,15.86,16.28,4673000,16.28,0
"46",16.49,16.69,15.88,16.47,5381800,16.47,0
"47",16.12,16.16,15.76,16.07,3768600,16.07,0
"48",16.4,16.91,16.38,16.83,5150700,16.83,0
"49",17.15,17.26,16.85,17.17,1936500,17.17,0
"50",17.66,18.17,17.54,18.11,7206400,18.11,0
"51",18.25,18.38,17.92,18.21,2856900,18.21,0
"52",17.64,17.93,17.46,17.48,2063100,17.48,0
"53",17.41,17.47,16.97,17.11,2018300,17.11,0
"54",16.79,16.8,16.02,16.13,6291300,16.13,0
"55",16,16.51,15.59,15.69,9797300,15.69,0
"56",15.23,16.07,14.95,15.98,6132200,15.98,0
"57",16.85,16.88,15.64,16.67,9847900,16.67,0
"58",16.15,16.54,15.58,15.58,6692800,15.58,0
"59",15.46,15.69,14.75,15.45,6419300,15.45,0
"60",14.83,14.94,12.45,12.45,16988400,12.45,0
"61",12.8,12.98,10.57,11.71,18350700,11.71,0
"62",10.65,11.11,9.7,10,25158600,10,0
"63",10.18,10.73,9.51,10.72,31376900,10.72,0
"64",10.15,10.29,9.15,9.25,25381700,9.25,0
"65",9.41,9.88,9.17,9.61,16395500,9.61,0
"66",9.94,10.08,9.52,9.54,13803400,9.54,0
"67",9.85,10.12,9.71,10.1,9697700,10.1,0
"68",9.87,10.05,9.52,9.87,8399800,9.87,0
"69",10.03,10.11,9.56,9.66,8352200,9.66,0
"70",8.8,8.82,7.43,7.73,28293100,7.73,0
"71",7.23,7.81,7.2,7.28,18628500,7.28,0
"72",7.74,7.74,6.97,7.07,20413700,7.07,0
"73",7.1,7.46,6.93,7.41,16478800,7.41,0
"74",7.42,7.79,7.34,7.56,19890000,7.56,0
"75",7.78,7.88,7.23,7.41,16905500,7.41,0
"76",7.16,7.65,7,7.52,14674300,7.52,0
"77",7.8,7.99,7.77,7.98,8809800,7.98,0
"78",7.86,8.02,7.7,7.9,10161800,7.9,0
"79",7.99,8.12,7.79,7.87,12015200,7.87,0
"80",7.89,8.12,7.77,7.77,7382000,7.77,0
"81",7.41,7.52,7.3,7.38,8224500,7.38,0
"82",6.71,7.18,6.71,7.16,8831100,7.16,0
"83",7.37,7.43,7.29,7.4,5090100,7.4,0
"84",7.29,7.53,7.22,7.27,6075000,7.27,0
"85",7.07,7.1,6.5,6.59,15575600,6.59,0
"86",6.3,6.57,6.11,6.53,11611000,6.53,0
"87",6.58,6.62,6.39,6.6,9435700,6.6,0
"88",6.67,6.92,6.43,6.77,7641000,6.77,0
"89",6.92,7.11,6.85,7.1,7927200,7.1,1
"90",7.16,7.28,6.99,7.24,8559900,7.24,0
"91",6.9,7.08,6.75,6.99,7169100,6.99,0
"92",7.06,7.24,6.96,7,6962100,7,0
"93",7.04,7.12,6.61,6.61,8532000,6.61,0
"94",6.05,6.23,5.74,5.95,18278700,5.95,0
"95",5.91,6.03,5.8,5.88,5924700,5.88,0
"96",6,6.11,5.78,6.1,8268200,6.1,0
"97",6.36,6.47,6.14,6.19,8433300,6.19,0
"98",6.27,6.34,5.79,5.8,7189000,5.8,0
"99",5.99,6.06,5.63,5.89,10237700,5.89,0
"100",5.67,5.79,5.45,5.48,7794600,5.48,0
"101",5.36,5.49,5.11,5.12,9658400,5.12,0
"102",4.99,5.49,4.91,5.46,13900000,5.46,0
"103",5.53,5.74,5.43,5.72,10999200,5.72,0
"104",5.7,5.83,5.6,5.83,6687500,5.83,0
"105",5.93,5.94,5.62,5.72,9184500,5.72,0
"106",5.95,6.15,5.95,6.14,5904800,6.14,1
"107",6.06,6.25,6.05,6.21,5487000,6.21,0
"108",6.42,6.74,6.4,6.62,10643300,6.62,0
"109",6.56,6.66,6.35,6.64,9041000,6.64,0
"110",6.92,7.05,6.77,7.02,6808100,7.02,0
"111",7,7,6.23,6.27,8941600,6.27,0
"112",6.25,6.69,6.03,6.48,7997600,6.48,0
"113",6.51,6.58,5.9,6.02,10979000,6.02,0
"114",5.97,6.04,5.71,5.95,8585400,5.95,0
"115",6.18,6.29,6.09,6.27,6809400,6.27,1
"116",6.34,6.68,6.34,6.66,6767200,6.66,0
"117",6.58,6.59,6.16,6.21,11171000,6.21,0
"118",6.43,6.48,6,6.45,7387900,6.45,0
"119",7.11,7.37,6.97,7.3,13550000,7.3,0
"120",7.16,7.4,7.09,7.33,6295200,7.33,0
"121",7.01,7.08,6.56,6.56,7589100,6.56,0
"122",5.59,5.88,5.41,5.62,24003500,5.62,0
"123",5.82,5.85,5.6,5.78,11898900,5.78,0
"124",5.95,6.09,5.6,6.07,8986500,6.07,1
"125",5.92,6.05,5.72,5.93,12073400,5.93,0
"126",5.93,6.01,5.76,5.99,6634500,5.99,0
"127",6.09,6.29,5.9,6.27,7667100,6.27,0
"128",5.81,5.86,5.05,5.09,16147900,5.09,0
"129",5.38,5.41,5.05,5.39,11017300,5.39,1
"130",5.6,5.68,5.58,5.61,8123100,5.61,0
"131",5.53,5.54,5.37,5.47,4641700,5.47,0
"132",5.38,5.59,5.33,5.53,6084900,5.53,0
"133",5.37,5.57,5.23,5.27,6242900,5.27,0
"134",5.21,5.26,4.91,5.03,12298600,5.03,0
"135",5.14,5.18,5.01,5.17,6906500,5.17,1
"136",4.91,5.15,4.88,5.11,8819400,5.11,0
"137",5.08,5.23,5.03,5.21,6290100,5.21,0
"138",5.09,5.13,4.97,4.99,8518400,4.99,0
"139",4.97,5.07,4.9,4.91,3464500,4.91,0
"140",5.24,5.28,5.09,5.13,12369700,5.13,0
"141",5.17,5.29,5.12,5.23,5548300,5.23,0
"142",5.58,5.73,5.54,5.71,8046400,5.71,0
"143",5.68,5.88,5.66,5.84,10120200,5.84,0
"144",6.01,6.11,5.83,5.85,8213800,5.85,0
"145",6.1,6.11,5.79,5.85,5382000,5.85,0
"146",5.86,5.96,5.82,5.88,5445900,5.88,0
"147",5.81,5.81,5.57,5.7,5610200,5.7,0
"148",5.54,5.6,5.39,5.45,6157100,5.45,0
"149",5.51,5.83,5.51,5.82,4737800,5.82,0
"150",5.68,5.78,5.56,5.78,4177900,5.78,0
"151",5.89,6.02,5.69,5.81,8252500,5.81,0
"152",5.8,5.88,5.65,5.78,4023800,5.78,0
"153",5.99,6.08,5.92,6.01,5357500,6.01,0
"154",6.2,6.21,5.96,6.04,8867900,6.04,0
"155",6.11,6.23,6.04,6.11,4530400,6.11,0
"156",6.37,6.49,6.37,6.47,5303300,6.47,0
"157",6.53,6.92,6.44,6.92,8614200,6.92,0
"158",7.04,7.19,6.8,6.88,7039500,6.88,0
"159",6.93,6.98,6.65,6.71,5573300,6.71,0
"160",6.73,6.84,6.71,6.75,3319000,6.75,0
"161",6.79,6.81,6.45,6.47,4120200,6.47,0
"162",6.52,6.65,6.52,6.63,3525300,6.63,0
"163",6.65,6.67,6.51,6.51,3758700,6.51,0
"164",6.82,6.91,6.77,6.86,5366800,6.86,0
"165",6.77,7,6.68,6.99,6686900,6.99,0
"166",6.9,7.16,6.82,7.15,4373600,7.15,0
"167",7.2,7.33,7.06,7.25,5765800,7.25,0
"168",7.33,7.42,7.26,7.37,3306600,7.37,0
"169",7.59,7.67,7.48,7.52,5088800,7.52,0
"170",7.45,7.48,7.37,7.39,5564500,7.39,0
"171",7.43,7.52,7.15,7.5,5666500,7.5,0
"172",7.34,7.35,7.06,7.29,7117100,7.29,0
"173",7.54,7.66,7.31,7.36,7633900,7.36,0
"174",7.4,7.64,7.32,7.63,6081400,7.63,0
"175",7.74,7.86,7.64,7.83,6362700,7.83,0
"176",7.8,8.09,7.75,8.06,6536500,8.06,0
"177",8.09,8.34,8.03,8.27,8672400,8.27,0
"178",8.06,8.28,8.03,8.23,4134300,8.23,0
"179",8.23,8.63,8.13,8.6,8281300,8.6,0
"180",8.78,8.82,8.46,8.61,6171600,8.61,0
"181",8.47,8.81,8.46,8.79,3833700,8.79,0
"182",8.47,8.63,8.39,8.52,7489800,8.52,0
"183",8.7,8.75,8.43,8.52,4398800,8.52,0
"184",8.71,8.87,8.63,8.74,5569900,8.74,0
"185",8.91,9.01,8.84,9.01,4886500,9.01,0
"186",9.38,9.5,9.3,9.5,6300000,9.5,0
"187",9.41,9.61,9.37,9.61,4035700,9.61,0
"188",9.57,9.6,9.38,9.5,5540200,9.5,0
"189",9.52,9.56,9.22,9.28,5697600,9.28,0
"190",9.24,9.31,8.82,8.82,16402100,8.82,0
"191",8.37,8.45,7.54,8.08,16643300,8.08,0
"192",8.54,8.72,8.41,8.72,9972300,8.72,0
"193",8.58,8.59,7.88,8.44,15475300,8.44,0
"194",8.37,8.37,7.88,7.96,14343900,7.96,0
"195",7.75,8.27,7.61,8.23,12895100,8.23,0
"196",8.38,8.45,8.13,8.35,7164500,8.35,0
"197",8.44,8.46,8.23,8.35,6202600,8.35,0
"198",8.31,8.6,8.28,8.58,6992400,8.58,0
"199",8.58,9.2,8.49,9.14,8900200,9.14,0
"200",9.27,9.34,8.73,8.78,11646000,8.78,0
"201",8.48,8.99,8.44,8.69,6882000,8.69,0
"202",8.61,8.84,8.59,8.81,5395800,8.81,0
"203",8.96,9.13,8.73,8.95,6112300,8.95,0
"204",9.03,9.18,8.96,9.12,7858900,9.12,0
"205",9.13,9.19,8.97,9.03,5623200,9.03,0
"206",8.98,9.12,8.87,9.05,5979300,9.05,0
"207",8.48,8.66,8.27,8.35,10632300,8.35,0
"208",8.45,8.77,8.4,8.76,4643200,8.76,0
"209",8.97,9.15,8.92,9.09,5442900,9.09,0
"210",9.22,9.46,9.2,9.26,8487000,9.26,0
"211",9.4,9.74,9.38,9.7,4756900,9.7,0
"212",9.98,10.22,9.91,10.13,6558800,10.13,0
"213",10.21,10.25,9.54,9.79,7667300,9.79,0
"214",9.7,9.95,9.62,9.95,6360600,9.95,0
"215",10,10.04,9.84,9.96,3790900,9.96,0
"216",10.03,10.64,9.99,10.58,6791700,10.58,0
"217",10.3,11.05,10.22,11.05,7952600,11.05,0
"218",11.26,11.71,11.11,11.58,12920600,11.58,0
"219",11.06,11.56,10.83,11.41,12565900,11.41,0
"220",11.5,12.29,11.31,12.24,12121700,12.24,0
"221",12.69,13.44,12.68,13.36,9024200,13.36,0
"222",13.14,13.23,12.01,12.05,12347400,12.05,0
"223",12.02,12.21,10.9,11.9,10026300,11.9,0
"224",11.21,12.11,11.2,11.98,12989300,11.98,0
"225",12.5,12.51,11.99,12.27,9530500,12.27,0
"226",12.22,12.75,12.15,12.29,7216200,12.29,0
"227",12.35,12.46,11.72,12.05,8422200,12.05,0
"228",11.48,11.92,11.18,11.81,9835600,11.81,0
"229",11.51,11.84,11.44,11.55,7787200,11.55,0
"230",10.86,11.27,10.8,10.81,11122600,10.81,0
"231",10.76,10.91,9.93,9.94,15961300,9.94,0
"232",10.5,10.58,10.15,10.22,10073000,10.22,0
"233",10.35,11.13,10.29,11.08,9942500,11.08,0
"234",11.09,11.1,10.36,10.37,11154600,10.37,0
"235",10.76,10.86,10.2,10.57,10216700,10.57,0
"236",10.93,11.26,10.88,11.11,7482700,11.11,0
"237",11,11.26,10.82,10.92,8405400,10.92,0
"238",10.98,11.22,10.55,10.84,9130100,10.84,0
"239",11.1,11.34,11.08,11.22,7676300,11.22,0
"240",10.65,10.9,10.4,10.83,8689500,10.83,0
"241",10.88,11.1,10.81,11.1,6325100,11.1,0
"242",11.55,11.82,11.49,11.79,8013000,11.79,0
"243",11.77,12.3,11.69,12.2,6321700,12.2,0
"244",12.25,12.33,11.97,12.2,7216600,12.2,0
"245",12.06,12.15,11.86,11.93,4536000,11.93,0
"246",11.96,12.46,11.94,12.33,5379100,12.33,0
"247",12.05,12.33,11.92,12.2,5076500,12.2,0
"248",12.32,12.39,11.78,11.93,5900000,11.93,0
"249",11.82,11.86,11.25,11.42,7816100,11.42,0
"250",11.15,11.69,11.1,11.59,6169700,11.59,0
"251",11.33,11.53,10.73,11.45,11143500,11.45,0
"252",10.89,11.39,10.67,11.01,13741200,11.01,0
"253",11.34,11.5,11.2,11.38,7763300,11.38,0
"254",11.07,11.56,11.03,11.18,8098400,11.18,0
"255",10.7,10.86,10.51,10.54,11631200,10.54,0
"256",10.47,10.67,9.97,9.99,12257400,9.99,0
"257",10.15,10.32,9.61,9.65,14047900,9.65,0
"258",9.73,9.85,9.19,9.19,17442500,9.19,0
"259",9.23,9.28,8.41,8.57,19163400,8.57,0
"260",8.59,9.49,8.48,9.48,14680800,9.48,0
"261",9.59,10,8.8,9.15,22903500,9.15,0
"262",8.88,9.38,8.59,9.3,28587200,9.3,0
"263",9.35,9.41,8.86,9.22,20583300,9.22,0
"264",9.22,9.36,9.15,9.3,11722000,9.3,0
"265",9.6,9.8,9.41,9.77,9117100,9.77,0
"266",9.48,9.48,9.05,9.05,15063500,9.05,0
"267",8.94,9.2,8.5,8.89,21307700,8.89,0
"268",8.25,8.5,8.14,8.15,22032000,8.15,0
"269",8.34,8.52,8.06,8.47,18781700,8.47,0
"270",8.42,8.75,8.41,8.68,12844200,8.68,0
"271",8.95,9.34,8.88,9.34,13133000,9.34,0
"272",9.74,9.8,9.35,9.4,14532800,9.4,0
"273",9.35,9.94,9.3,9.91,10918000,9.91,0
"274",10.28,10.34,9.02,9.05,15304400,9.05,0
"275",9.09,9.23,8.79,9.19,15302700,9.19,0
"276",8.94,9.22,8.55,8.7,14690100,8.7,0
"277",8.78,9.26,8.64,9.26,13850400,9.26,0
"278",9.33,9.77,9.2,9.63,11112000,9.63,0
"279",9.68,10.48,9.58,10.45,15720100,10.45,0
"280",10.81,10.87,10.48,10.65,13087400,10.65,0
"281",10.66,11.09,10.23,11.08,13380800,11.08,0
"282",11.05,11.18,9.74,9.77,18055000,9.77,0
"283",10.12,10.83,9.95,10.78,10108200,10.78,0
"284",10.14,10.19,9.88,10,18872200,10,0
"285",10.31,10.43,9.9,10.29,15748300,10.29,0
"286",10.47,10.61,10.2,10.23,15553700,10.23,0
"287",10.09,10.56,9.9,10.53,12942800,10.53,0
"288",11.16,11.31,11,11.25,13065500,11.25,0
"289",11.49,12.01,11.33,11.97,13467800,11.97,0
"290",12.05,12.4,12.02,12.21,8168000,12.21,0
"291",12.13,12.14,11.61,11.75,11374900,11.75,0
"292",11.43,11.92,11.41,11.89,10960300,11.89,0
"293",11.95,12.11,11.66,11.97,8663400,11.97,0
"294",12.17,12.35,11.42,11.64,11511300,11.64,0
"295",11.67,12.12,11.48,12,11965900,12,0
"296",11.73,12.19,11.44,11.92,14898700,11.92,0
"297",12.09,12.61,12.06,12.6,11837100,12.6,0
"298",12.62,12.87,12.45,12.73,8800200,12.73,0
"299",12.94,13.28,12.58,13.21,12461400,13.21,0
"300",13.13,13.42,12.96,13.07,8771800,13.07,0
"301",13.15,13.39,12.86,13.39,9041500,13.39,0
"302",12.97,13.14,12.52,12.63,11351400,12.63,0
"303",11.62,12.06,11.21,11.82,13916700,11.82,0
"304",11.78,11.82,10.91,11.3,16279600,11.3,0
"305",11.33,11.61,10.96,11.45,15367900,11.45,0
"306",12.14,12.34,11.9,12.3,12852600,12.3,0
"307",12.81,12.88,12.48,12.62,11992400,12.62,0
"308",12.75,12.87,12.32,12.35,9005300,12.35,0
"309",12.11,12.35,11.97,11.97,9460900,11.97,0
"310",12.22,12.41,11.97,12.27,11115100,12.27,0
"311",11.97,12.53,11.83,12.52,12771200,12.52,0
"312",13.02,13.41,12.93,13.41,9505800,13.41,0
"313",13.58,13.87,13.5,13.68,8861500,13.68,0
"314",13.92,13.99,13.28,13.31,6528700,13.31,0
"315",13.34,13.87,13.24,13.84,7588800,13.84,0
"316",13.74,14.07,13.61,13.91,5842800,13.91,0
"317",13.76,14.17,13.67,14.16,6401700,14.16,0
"318",14.12,14.54,14.07,14.54,8835700,14.54,0
"319",14.45,14.52,13.72,13.75,11609400,13.75,0
"320",13.74,14.07,13.66,13.73,6972200,13.73,0
"321",13.79,14.03,13.56,14.01,7947300,14.01,0
"322",14.16,14.52,13.98,14.42,7190600,14.42,0
"323",14.3,14.44,14.03,14.39,7451500,14.39,0
"324",14.6,14.65,13.88,14,14412900,14,0
"325",13.78,14.07,13.61,13.9,10763100,13.9,0
"326",13.83,13.87,13.44,13.6,9081900,13.6,0
"327",13.46,14.29,13.43,14.19,8821900,14.19,0
"328",14.31,14.43,14.04,14.08,6594500,14.08,0
"329",13.88,14.09,13.77,13.81,8339000,13.81,0
"330",13.86,14.13,13.74,13.77,7923300,13.77,0
"331",13.46,13.65,13.33,13.48,8499400,13.48,0
"332",13.71,14,13.4,13.89,9757200,13.89,0
"333",13.86,14.06,13.62,14.01,7816900,14.01,0
"334",14.09,14.48,14.02,14.39,7352700,14.39,0
"335",14.73,15.91,14.71,15.9,13334100,15.9,0
"336",16.22,16.86,16.17,16.79,10857900,16.79,0
"337",16.56,17.09,15.81,15.85,11927600,15.85,0
"338",15.87,16.31,15.69,15.96,11771400,15.96,0
"339",16.27,16.49,15.87,16.39,13556400,16.39,0
"340",16.38,17.71,16.08,17.61,17059500,17.61,0
"341",17.93,18.24,16.9,17.02,18111200,17.02,0
"342",16.69,17.12,16.68,17.09,9530500,17.09,0
"343",17,17.61,16.84,17.54,11709700,17.54,0
"344",17.86,17.92,17.47,17.56,10816400,17.56,0
"345",17.41,17.76,17.1,17.74,11508100,17.74,0
"346",17.72,18.09,17.56,17.87,7273200,17.87,0
"347",17.66,18.25,17.56,18.09,9052000,18.09,0
"348",18.32,18.32,16.68,16.75,12352700,16.75,0
"349",16.42,16.65,15.72,16.09,13107300,16.09,0
"350",16.58,17.59,16.35,17.53,11007800,17.53,0
"351",17.19,17.58,16.86,17.02,14588400,17.02,0
"352",17.43,17.91,16.73,16.84,12522600,16.84,0
"353",17.07,17.23,16.6,17.17,7781200,17.17,0
"354",17.16,17.47,16.76,17.24,9475900,17.24,0
"355",17.4,17.68,17.27,17.67,7677200,17.67,0
"356",18.22,18.41,17.69,17.9,13118100,17.9,0
"357",17.64,17.87,17.52,17.71,7163800,17.71,0
"358",17.68,17.76,16.84,16.94,12746300,16.94,0
"359",17.11,17.24,16.74,17.15,11635500,17.15,0
"360",17.38,17.59,17.23,17.36,8217500,17.36,0
"361",17.65,17.8,17.07,17.17,14610600,17.17,0
"362",17.32,17.82,16.97,17.78,12006300,17.78,0
"363",18.08,18.27,17.92,18.17,9243800,18.17,0
"364",18.2,18.5,17.99,18.38,9317800,18.38,0
"365",18.26,18.68,18.15,18.42,9460400,18.42,0
"366",18.28,18.29,17.07,17.27,16210700,17.27,0
"367",17.33,17.51,16.8,17.49,10753700,17.49,0
"368",16.52,16.62,15.86,16.08,19946600,16.08,0
"369",16.27,16.31,15.83,15.93,12459300,15.93,0
"370",16.51,16.59,15.98,16.37,13225400,16.37,0
"371",16.41,16.67,15.98,16.42,11553900,16.42,0
"372",16.76,16.79,15.94,16.08,11487200,16.08,0
"373",16.24,17.37,16.21,17.33,12460700,17.33,0
"374",17.59,17.66,16.83,16.89,14293800,16.89,0
"375",16.65,16.77,16.16,16.57,12441800,16.57,0
"376",16.7,17.34,16.54,17.14,10392500,17.14,0
"377",16.75,16.85,15.57,15.8,20791300,15.8,0
"378",15.8,16.16,15.57,15.66,16096700,15.66,1
"379",15.49,16.17,15.47,15.66,13800100,15.66,0
"380",15.87,16.72,15.84,16.65,10317800,16.65,0
"381",16.3,17.08,16.19,16.65,13820300,16.65,0
"382",17.13,17.18,15.8,16.07,15526600,16.07,0
"383",16.09,16.38,15.4,15.93,14155700,15.93,0
"384",16.1,16.67,15.53,16.63,18424700,16.63,0
"385",17.24,18.1,17.23,18.08,17792000,18.08,0
"386",18.28,18.42,17.97,18.37,17482800,18.37,0
"387",18.44,18.74,18.08,18.23,10483700,18.23,0
"388",18.7,19.06,18.53,19.06,6382800,19.06,0
"389",18.72,19.24,18.62,19.2,11046700,19.2,0
"390",19.34,19.5,18.73,18.78,12850500,18.78,0
"391",18.48,19.37,18.09,19.31,14972800,19.31,0
"392",19.6,19.69,19.15,19.58,10929800,19.58,0
"393",19.75,19.75,19.01,19.22,9867300,19.22,0
"394",19.69,19.75,18.76,18.81,10911700,18.81,0
"395",18.65,18.94,18.22,18.48,11602300,18.48,0
"396",18.48,18.89,18.05,18.8,12179300,18.8,0
"397",18.79,18.86,18.41,18.56,8293400,18.56,0
"398",18.88,19.25,18.45,19.25,7256000,19.25,0
"399",19.06,19.19,18.83,18.98,6710000,18.98,0
"400",19.22,19.64,19.11,19.61,9165600,19.61,0
"401",19.7,19.81,19.07,19.13,10657300,19.13,0
"402",19.17,19.26,18.46,18.76,10709600,18.76,0
"403",18.68,18.79,18.4,18.64,10559600,18.64,0
"404",18.57,19.31,18.54,19.29,7940600,19.29,0
"405",19.58,20.15,19.48,20.01,12499500,20.01,0
"406",20.05,20.05,18.83,18.87,12282500,18.87,0
"407",18.91,19.02,18.27,18.42,14451800,18.42,0
"408",16.91,17.5,16.83,17.21,17141500,17.21,0
"409",17.51,17.59,17.28,17.51,4538900,17.51,0
"410",17.23,17.27,16.55,16.58,8681100,16.58,0
"411",16.61,16.77,15.54,16.58,18781600,16.58,0
"412",16.04,16.47,15.6,15.7,17217900,15.7,0
"413",14.92,16.75,14.78,16.59,25489300,16.59,1
"414",18.21,18.71,17.73,18.6,37839900,18.6,0
"415",18.44,18.84,18.2,18.48,23776500,18.48,0
"416",18.53,18.94,18.43,18.84,15097800,18.84,0
"417",18.62,18.97,18.5,18.88,11486400,18.88,0
"418",18.96,19.15,18.63,19.08,11308000,19.08,0
"419",19.4,19.44,18.88,19.04,10722300,19.04,0
"420",19.41,19.57,19.12,19.53,11044900,19.53,0
"421",19.49,19.6,19.24,19.58,9066800,19.58,0
"422",19.64,20,19.48,19.91,10148500,19.91,0
"423",19.67,20.08,19.6,19.9,9832500,19.9,0
"424",20.07,20.52,19.96,20.31,10449300,20.31,0
"425",20.6,20.67,20.2,20.21,8385500,20.21,0
"426",20.41,21.57,20.29,21.49,11232300,21.49,0
"427",21.49,22.23,21.1,22.11,12603400,22.11,0
"428",22.12,22.83,22.03,22.7,10998500,22.7,0
"429",22.56,22.91,21.24,22.57,18368400,22.57,0
"430",22.49,22.78,21.98,22.39,11149800,22.39,0
"431",22.44,22.47,21.53,21.83,7824500,21.83,0
"432",21.46,22.62,21.34,22.46,10990600,22.46,0
"433",21.91,22.2,21,21.07,14798300,21.07,0
"434",20.9,21.42,20.75,20.94,10652100,20.94,0
"435",21.8,22.33,21.8,22.04,16062700,22.04,0
"436",21.43,21.68,20.58,20.61,12360300,20.61,0
"437",21.06,21.86,20.99,21.49,10688600,21.49,0
"438",21.07,21.63,20.98,21.58,12044300,21.58,0
"439",21.89,21.94,20.79,21.65,14487800,21.65,0
"440",21.83,22.19,21.8,22.11,10859800,22.11,0
"441",22.19,22.58,21.99,22.48,9403400,22.48,0
"442",22.52,22.9,22.35,22.72,12810800,22.72,0
"443",22.76,22.99,22.2,22.56,12077700,22.56,0
"444",22.44,23.05,22.29,22.94,7210600,22.94,0
"445",23.15,23.25,22.59,23.12,10365200,23.12,0
"446",23.28,24.17,23.28,24.12,11780300,24.12,0
"447",24.02,24.05,21.89,21.98,18434700,21.98,0
"448",21.96,21.96,20.78,21.57,21689500,21.57,0
"449",22.05,22.31,21.64,22.3,12319600,22.3,0
"450",23.04,23.32,19,19.18,26248800,19.18,0
"451",19.26,19.76,18.13,19.44,31344200,19.44,1
"452",19.38,21.06,19.16,20.73,21093500,20.73,0
"453",20.82,21.15,20.12,20.13,17811400,20.13,0
"454",19.23,20.14,18.73,19.81,22246600,19.81,0
"455",19.53,20.85,19.42,20.79,13792900,20.79,0
"456",21.47,21.62,21.25,21.49,19665300,21.49,0
"457",21.76,21.78,20.98,21.39,13517500,21.39,0
"458",21.47,21.84,21.28,21.84,11839900,21.84,0
"459",22.2,22.25,21.48,22.12,18805300,22.12,0
"460",22.13,23.07,22.04,23.01,13393200,23.01,0
"461",22.98,23.13,21.9,22.65,23319800,22.65,0
"462",22.75,22.95,22.25,22.8,15227400,22.8,0
"463",23.08,23.32,22.81,23.22,11954900,23.22,0
"464",23.11,23.34,22.7,23.22,15581300,23.22,0
"465",21.75,23.03,21.68,22.02,20861200,22.02,0
"466",22.49,22.58,20.83,21.97,28045100,21.97,0
"467",22.75,23.3,22.53,23.16,15483200,23.16,0
"468",22.58,23.12,22.17,22.5,19980500,22.5,0
"469",22.89,22.98,22.21,22.55,10850700,22.55,0
"470",23.15,23.45,22.17,22.83,20693400,22.83,0
"471",23.26,23.58,22.95,23.48,12234600,23.48,0
"472",22.87,23.42,22.68,23.23,13965000,23.23,0
"473",23.31,23.42,23.12,23.31,11077600,23.31,0
"474",23.42,23.54,22.98,23.22,11106000,23.22,0
"475",23.6,23.99,23.51,23.98,13644900,23.98,0
"476",24,24.12,22.84,23.07,15871700,23.07,0
"477",23.13,23.46,22.52,23.43,16238800,23.43,0
"478",22.15,23.39,22.02,23.37,19137700,23.37,0
"479",23.58,24.04,23.23,24,15631700,24,0
"480",24.23,24.59,23.81,24.35,14442900,24.35,0
"481",24.63,25.05,24.53,24.97,13719500,24.97,0
"482",25.09,25.51,24.87,25.04,14174800,25.04,0
"483",24.75,25.57,24.49,25.51,14134400,25.51,0
"484",25.34,25.69,21.45,22.45,29924500,22.45,0
"485",22.78,23.52,22.44,23.46,19834700,23.46,0
"486",22.66,22.68,20.05,20.86,36455300,20.86,0
"487",20.86,20.9,19.43,19.93,23583400,19.93,0
"488",20.16,21.43,20.04,21.27,18798400,21.27,0
"489",21.21,22.02,20.73,21.78,16561500,21.78,0
"490",22.48,22.99,21.11,22.88,18677000,22.88,0
"491",22.85,23.13,22.6,22.74,12881800,22.74,0
"492",23.03,23.14,22.39,22.54,11112200,22.54,0
"493",22.3,22.65,22.02,22.53,11908500,22.53,0
"494",22.9,23.08,22.53,22.64,9847100,22.64,0
"495",22.69,22.97,22.31,22.9,9752800,22.9,0
"496",22.68,22.76,21.82,21.86,20152700,21.86,0
"497",22.27,22.77,22.21,22.66,14733200,22.66,0
"498",23.19,23.28,22.98,23.16,14550000,23.16,0
"499",23.18,23.7,23.14,23.53,8328000,23.53,0
"500",23.88,23.99,23.43,23.76,11221900,23.76,0
"501",23.54,23.74,23.14,23.62,9637800,23.62,0
"502",23.4,23.49,22.68,23.14,14551900,23.14,0
"503",23.01,23.42,22.76,23.38,12466300,23.38,0
"504",23.36,23.59,23.15,23.52,8141100,23.52,0
"505",23.65,23.83,23.41,23.74,11656100,23.74,0
"506",23.46,23.73,23.27,23.56,14200500,23.56,0
"507",23.37,23.63,23.06,23.32,12079400,23.32,0
"508",23.42,23.99,23.37,23.88,14071300,23.88,0
"509",23.61,23.96,23.57,23.58,9557100,23.58,0
"510",23.72,23.81,23.23,23.37,13776000,23.37,0
"511",23.58,23.74,22.74,23.12,23503100,23.12,0
"512",21.97,23.11,21.95,22.95,18864400,22.95,0
"513",22.66,23.05,22.5,22.97,12438700,22.97,0
"514",23.65,23.81,23.25,23.58,10218700,23.58,0
"515",23.19,23.42,22.69,23.21,18938600,23.21,0
"516",23.17,23.48,22.9,23.24,13448100,23.24,0
"517",23,23.29,22.4,22.43,17751700,22.43,0
"518",22.48,22.6,21.28,22.51,26167900,22.51,0
"519",22.35,22.53,21.51,22.23,19378100,22.23,0
"520",21.8,22,21.15,21.27,24801400,21.27,0
"521",21.07,21.51,20.08,21.49,25348200,21.49,1
"522",22.11,22.54,21.79,22.48,21618500,22.48,0
"523",22.79,22.87,22.38,22.72,13650200,22.72,0
"524",21.81,22.25,21.09,21.23,26320800,21.23,0
"525",21.73,21.78,19.76,20.01,36256800,20.01,0
"526",20.01,21.07,19.74,20.94,25027500,20.94,1
"527",20.87,21.35,20.28,20.34,23016900,20.34,0
"528",20.84,20.96,20.35,20.77,16358400,20.77,0
"529",20.84,21.06,20.74,21.03,13542200,21.03,0
"530",20.89,22,20.72,21.05,27890400,21.05,0
"531",20.15,20.27,17.94,18.48,53799400,18.48,0
"532",19.21,19.43,18.23,19.3,34531900,19.3,0
"533",18.32,18.79,17.9,18.17,45347400,18.17,0
"534",18.72,18.8,18.31,18.69,24286100,18.69,1
"535",19.15,19.18,18.73,19.11,15674100,19.11,0
"536",19.56,19.88,19.41,19.86,14734000,19.86,0
"537",19.49,20.3,19.33,19.98,24246500,19.98,0
"538",20.28,20.96,20.23,20.58,15583400,20.58,0
"539",20.39,20.87,20.02,20.31,21247500,20.31,0
"540",20.12,20.67,20.02,20.55,11219100,20.55,0
"541",21.1,21.65,20.77,21.65,20278200,21.65,0
"542",22.21,22.72,22.09,22.56,17139500,22.56,0
"543",23.19,23.29,22.87,23.05,11467500,23.05,0
"544",23.05,23.38,22.94,23.28,13444700,23.28,0
"545",24.01,24.11,23.62,23.87,9548400,23.87,0
"546",23.89,24.02,23.49,23.65,8903800,23.65,0
"547",23.89,24.32,23.7,24.17,7024100,24.17,0
"548",24.21,24.26,23.25,23.49,12035800,23.49,0
"549",23.84,24.36,23.6,24.32,10429800,24.32,0
"550",24.52,25.03,24.43,24.72,11328000,24.72,0
"551",24.56,25.39,24.25,25.24,10817700,25.24,0
"552",25.41,25.88,25.14,25.78,9222800,25.78,0
"553",26.04,26.26,25.48,25.9,10851100,25.9,0
"554",26.1,26.13,25.3,25.57,11298900,25.57,0
"555",25.31,26.29,25.25,26.21,8044400,26.21,0
"556",25.92,26.4,25.47,26.32,8575800,26.32,0
"557",26.03,26.27,25.71,25.96,8138300,25.96,0
"558",26.05,26.52,25.81,26.43,7900300,26.43,0
"559",26.52,27.62,26.48,26.99,12928800,26.99,0
"560",27.74,27.97,27.59,27.88,9768500,27.88,0
"561",27.86,28.61,27.83,28.55,6679600,28.55,0
"562",28.65,29,28.5,28.9,6555500,28.9,0
"563",28.77,28.85,27.81,28.03,10811300,28.03,0
"564",27.63,27.93,26.99,27.73,10742400,27.73,0
"565",28.28,28.4,27.62,28.19,9152600,28.19,0
"566",28.16,28.43,27.5,27.8,9960500,27.8,0
"567",27.17,28.05,27.15,27.92,6891000,27.92,0
"568",28.2,28.37,27.53,28.18,9385800,28.18,0
"569",28.38,28.5,27.88,27.94,7733200,27.94,0
"570",26.99,27.13,26.4,26.49,18234800,26.49,0
"571",26.53,27.41,26.47,26.99,11339600,26.99,0
"572",26.87,27.04,26.17,26.25,8879400,26.25,0
"573",26.14,27.22,26.01,26.56,9341100,26.56,0
"574",26.09,27.12,25.56,26.06,25188500,26.06,0
"575",26.37,26.83,26.32,26.66,8734900,26.66,0
"576",26.9,27.23,26.67,27.18,7105500,27.18,0
"577",27.47,27.67,26.21,26.28,8365600,26.28,0
"578",25.09,25.49,24.03,24.2,20374800,24.2,0
"579",24,24.6,23.69,24.21,12065600,24.21,0
"580",23.87,24.42,23.7,23.72,12099700,23.72,0
"581",23.89,23.9,23,23.41,10637800,23.41,0
"582",24.49,24.58,23.81,24.34,13787200,24.34,0
"583",24.29,24.54,24.13,24.4,6754100,24.4,0
"584",24.41,24.99,24.33,24.92,7011100,24.92,0
"585",25.26,25.34,24.01,24.71,11830300,24.71,0
"586",24.98,25.76,24.84,25.64,6683700,25.64,0
"587",26.38,26.59,26.2,26.56,6850000,26.56,0
"588",26.46,27.53,26.36,27.41,8325700,27.41,0
"589",27.51,27.9,26.9,26.94,9249900,26.94,0
"590",27.52,27.62,26.88,27.38,6086500,27.38,0
"591",28.01,28.09,27.46,27.66,8015400,27.66,0
"592",27.73,28.08,27.71,27.95,6384500,27.95,0
"593",27.83,29.3,27.45,28.95,16605100,28.95,0
"594",29.34,29.45,28.74,29.1,9760100,29.1,0
"595",29.05,29.39,28.54,28.55,11047900,28.55,0
"596",28.63,28.75,27.66,28.21,10036600,28.21,0
"597",28.38,28.82,28.04,28.33,10926300,28.33,0
"598",28.39,28.74,28.04,28.41,11763100,28.41,0
"599",28.85,29.03,28.5,28.95,8023700,28.95,0
"600",28.48,28.56,27.5,27.8,11549200,27.8,0
"601",26.55,27.49,26.41,26.79,12869100,26.79,0
"602",26.76,27.7,26.67,27.67,10126400,27.67,0
"603",27.12,27.45,26.55,26.81,11198200,26.81,0
"604",26.58,26.7,24.57,25.78,23321600,25.78,0
"605",25.49,26.11,25.15,25.94,12746300,25.94,0
"606",24.86,25.2,23.91,23.96,15604700,23.96,0
"607",23.95,24.04,22.52,22.85,28563000,22.85,0
"608",22.85,23.95,22.22,23.55,28650100,23.55,0
"609",24.49,25.88,24.47,25.85,30329300,25.85,1
"610",25.83,26.79,25.76,26.33,18875600,26.33,0
"611",25.35,26.43,24.84,26.04,23803700,26.04,0
"612",25.83,26.31,24.29,24.45,23757800,24.45,0
"613",25.72,27.43,25.36,27.39,26013100,27.39,1
"614",27.1,28.94,27.07,28.91,23959700,28.91,0
"615",29.38,29.77,28.67,29.18,19115800,29.18,0
"616",29.85,29.87,28.72,29.02,13072000,29.02,0
"617",29.58,29.7,28.71,28.87,13148700,28.87,0
"618",28.53,28.73,27.79,28.67,15648600,28.67,0
"619",28.86,29.28,28.64,29.13,9683000,29.13,0
"620",29.17,29.25,28.77,29.22,8003900,29.22,0
"621",29.07,29.21,28.78,29.05,7141900,29.05,0
"622",29.12,29.32,28.84,29.31,7942100,29.31,0
"623",29.23,29.31,28.42,28.85,11407000,28.85,0
"624",28.94,29.49,28.72,29,10539400,29,0
"625",29.25,29.46,28.84,29.06,8689600,29.06,0
"626",29.4,29.99,29.24,29.95,6967500,29.95,0
"627",29.76,30.17,29.55,30.02,7832700,30.02,0
"628",30.37,30.53,29.94,30.51,6740800,30.51,0
"629",30.65,30.67,29.25,29.44,13366400,29.44,0
"630",29.79,30.68,29.7,30.66,10437900,30.66,0
"631",30.65,30.83,30.47,30.79,5563100,30.79,0
"632",30.72,31,30.53,30.82,7274900,30.82,0
"633",30.4,31.07,30.37,30.95,6954600,30.95,0
"634",31.03,31.37,30.91,31.31,6279700,31.31,0
"635",31.52,31.74,31.47,31.73,5227400,31.73,0
"636",32.19,32.5,31.57,31.65,8122900,31.65,0
"637",31.86,32.01,30.92,31.28,11817800,31.28,0
"638",30.97,32.45,30.92,31.95,14369200,31.95,0
"639",32.29,33.27,32.25,32.98,10581500,32.98,0
"640",33.19,33.49,33.01,33.49,6305900,33.49,0
"641",33.82,33.83,33.2,33.38,6214600,33.38,0
"642",33.38,33.63,33.08,33.18,6501100,33.18,0
"643",33.38,33.38,33.05,33.14,4272000,33.14,0
"644",33.3,33.32,32.71,32.75,2409000,32.75,0
"645",32.87,32.9,32.25,32.48,7037700,32.48,0
"646",31.88,32.16,30.88,31.67,11013100,31.67,0
"647",31.06,32.08,30.61,31.99,11198900,31.99,0
"648",32.24,32.29,31.46,31.77,9177200,31.77,0
"649",32.5,33.08,32.4,32.88,6482300,32.88,0
"650",33.12,33.31,32.82,33.14,6763300,33.14,0
"651",32.92,33.16,32.77,32.95,5337400,32.95,0
"652",33.04,33.1,31.26,31.39,11136000,31.39,0
"653",31.58,31.8,30.64,31.25,10886600,31.25,0
"654",31.33,31.51,30.96,31.24,7689100,31.24,0
"655",31.6,31.72,31,31.19,6770500,31.19,0
"656",30.76,31.5,30.39,31.27,9839700,31.27,0
"657",31.59,33.49,31.08,33.43,16837200,33.43,0
"658",33.27,33.6,33.03,33.2,7013700,33.2,0
"659",33.43,33.59,32.88,32.95,9019200,32.95,0
"660",33.37,34.25,33.25,34.14,6473600,34.14,0
"661",34.65,34.94,34.44,34.83,3504300,34.83,0
"662",35.56,35.66,35.35,35.38,6252100,35.38,0
"663",35.52,35.59,34.68,34.95,6419200,34.95,0
"664",34.77,34.96,34.19,34.32,5098200,34.32,0
"665",34.79,34.82,33.87,34.38,5707500,34.38,0
"666",33.88,34.02,33.48,33.72,8118600,33.72,0
"667",34.01,34.38,33.56,33.92,6211700,33.92,0
"668",34.49,34.77,34,34.35,8063900,34.35,0
"669",34.74,35.22,34.66,35.13,6810200,35.13,0
"670",34.93,35.27,34.76,35.07,6689000,35.07,0
"671",35.14,35.28,34.78,34.96,5382000,34.96,0
"672",35.27,35.86,34.85,35.77,6413000,35.77,0
"673",35.68,36.26,33.95,34.5,10196500,34.5,0
"674",34.95,35.99,34.95,35.92,9066000,35.92,0
"675",36.01,36.09,35.35,35.79,6049800,35.79,0
"676",35.71,35.83,35.19,35.57,4682000,35.57,0
"677",35.48,36,35.32,35.53,5603600,35.53,0
"678",35.87,36.02,35.32,35.96,6181900,35.96,0
"679",36.35,36.62,36.14,36.5,4551000,36.5,0
"680",36.06,36.12,34.64,35.54,13686300,35.54,0
"681",34.52,34.6,31.67,32.33,22175500,32.33,0
"682",32.05,32.58,29.58,31.49,19308100,31.49,0
"683",31.49,33.08,31.34,32.8,17011900,32.8,0
"684",31.15,32.14,30.07,30.54,29672700,30.54,0
"685",31.49,31.88,30.71,31.03,18569000,31.03,0
"686",28.23,29.9,28.17,28.61,33468300,28.61,0
"687",28.28,28.7,26.32,26.64,45493800,26.64,0
"688",26.94,27.4,26.5,27.02,28447300,27.02,1
"689",26.5,26.76,25.38,26.1,32577400,26.1,0
"690",26.41,28.65,26.38,28.65,23267600,28.65,1
"691",29.45,30.98,29.27,30.33,27311100,30.33,0
"692",30.49,30.94,30.03,30.35,13750600,30.35,0
"693",30.86,31.82,30.58,31.47,16242600,31.47,0
"694",31.9,32.2,31.27,32.12,17333600,32.12,0
"695",31.14,32.42,31.13,32.34,18241200,32.34,0
"696",32.46,33.14,32.26,32.85,11639900,32.85,0
"697",33.15,33.34,32.37,33.3,10924600,33.3,0
"698",32.85,33.19,30.77,30.99,20450800,30.99,0
"699",31.34,32.33,30.77,32.23,12093600,32.23,0
"700",32.61,32.83,31.7,31.87,13006500,31.87,0
"701",32.02,32.61,31.91,32.09,8575300,32.09,0
"702",32.16,32.45,31.43,32.06,10905900,32.06,0
"703",32.17,32.35,31.18,31.6,13002500,31.6,0
"704",31.11,31.88,30.98,31.69,9986700,31.69,0
"705",31.71,32.29,30.57,31.2,15262700,31.2,0
"706",29.27,30.18,28.65,29.43,21906200,29.43,0
"707",30.95,31.36,30.85,31.24,11867500,31.24,0
"708",31.27,31.49,30.77,31.21,10051900,31.21,0
"709",31.4,31.6,31.02,31.45,8056900,31.45,0
"710",31.7,31.7,30.43,30.71,13609300,30.71,0
"711",30.52,30.98,29.89,30.9,9718400,30.9,0
"712",30.93,31.34,30.26,30.43,11327500,30.43,0
"713",29.82,30.63,29.61,30.45,13540000,30.45,0
"714",30.87,30.94,28.77,29.25,25010500,29.25,0
"715",28.67,29.2,27.91,28.44,22233400,28.44,0
"716",29.18,29.86,29.16,29.63,12245100,29.63,0
"717",30.34,30.91,30.19,30.84,13161900,30.84,0
"718",30.78,31.14,29.17,30.26,16806000,30.26,0
"719",30.02,30.57,29.83,30.4,9457700,30.4,0
"720",30.81,30.91,30.04,30.2,9754700,30.2,0
"721",30.32,30.47,29.4,30.11,11395300,30.11,0
"722",30.51,30.62,29.97,30.48,9458800,30.48,0
"723",30.81,30.85,29.92,29.93,12996400,29.93,0
"724",29.99,30.35,29.65,30.29,11793100,30.29,0
"725",30.58,30.82,30.24,30.66,8689400,30.66,0
"726",30.97,31.66,30.93,31.61,8308000,31.61,0
"727",31.7,32.69,31.7,32.66,8257100,32.66,0
"728",32.63,32.71,32.14,32.44,8299800,32.44,0
"729",32.45,32.53,32.04,32.46,7815700,32.46,0
"730",33.05,33.07,31.38,31.76,15363600,31.76,0
"731",31.45,31.68,30.61,31.04,13323700,31.04,0
"732",31.19,31.64,30.63,31.61,9232400,31.61,0
"733",32,32.48,31.6,32.45,9374600,32.45,0
"734",32.36,32.45,30.35,30.47,17531600,30.47,0
"735",30.1,30.54,29.12,29.51,17418600,29.51,0
"736",30.05,30.19,28.82,29.76,14306100,29.76,0
"737",29.96,30.3,28.48,30.13,20982100,30.13,0
"738",30.69,31.22,30.25,31.16,8528700,31.16,0
"739",31.1,31.71,30.91,31.61,7941600,31.61,0
"740",31.67,32.28,31.61,32.23,4962900,32.23,0
"741",32.13,32.5,32,32.29,6268500,32.29,0
"742",32.18,32.3,31.94,32.15,5414900,32.15,0
"743",32.31,32.37,31.56,31.76,9030700,31.76,0
"744",31.49,31.6,30.9,31.51,8184200,31.51,0
"745",31.76,32.24,31.16,32.21,10160900,32.21,0
"746",32.36,32.8,32.22,32.79,6749600,32.79,0
"747",32.61,32.97,32.44,32.76,8441000,32.76,0
"748",32.65,33.04,32.52,32.76,6509200,32.76,0
"749",32.95,33.15,32.53,32.91,8159300,32.91,0
"750",32.42,33.29,32.2,33.27,5291000,33.27,0
"751",33.12,33.5,32.92,33.05,7635000,33.05,0
"752",33.17,33.69,32.61,33.62,9020200,33.62,0
"753",33.67,34.35,33.38,33.61,10228000,33.61,0
"754",33.71,34.33,33.26,34.32,6725500,34.32,0
"755",34.73,35.45,34.64,35.35,6525700,35.35,0
"756",35.41,35.64,35.2,35.26,4750100,35.26,0
"757",35.13,35.78,34.99,35.43,7593900,35.43,0
"758",35.21,35.36,34.22,35.05,14546600,35.05,0
"759",35.33,35.86,34.91,35.86,7359400,35.86,0
"760",35.67,36.34,35.64,36.3,6937800,36.3,0
"761",36.4,36.83,35.85,36.58,13104500,36.58,0
"762",36.91,37.33,36.82,37.16,8804700,37.16,0
"763",37.13,37.5,36.96,37.19,5217700,37.19,0
"764",37.17,37.6,37.16,37.46,3579600,37.46,0
"765",38.15,38.67,38.01,38.62,6431400,38.62,0
"766",38.63,38.86,38.13,38.74,8013300,38.74,0
"767",38.91,39.12,38.6,38.88,5982900,38.88,0
"768",38.88,38.99,38.66,38.95,4928000,38.95,0
"769",38.95,39.23,38.54,39.19,4574400,39.19,0
